[[ 1.42907505e-01 -5.59550851e-02 -8.30639557e-02 -3.64705751e-02
   1.12343591e-01 -1.37593497e-01  7.62148221e-02  9.67835173e-03
  -2.48878810e-02 -3.55062297e-02 -4.71576051e-02 -7.43869139e-02
  -3.96948138e-02 -3.29456315e-02 -7.60883269e-02 -1.01865617e-01
  -3.69606795e-03  1.44341518e-02  2.30962196e-02]
 [ 2.91043808e-01 -4.20650653e-01 -5.26410333e-02 -5.33856567e-01
   3.58903781e-01 -3.37485007e-01 -5.80308556e-02 -1.02494494e-01
  -1.56651793e-01 -1.14725066e+00 -2.30718656e-02  1.49844765e-03
  -1.25974989e-02 -8.06779220e-02  7.82204014e-02 -4.67487076e-02
  -1.19637869e-02 -2.82615528e-02 -8.20897602e-02]
 [ 6.79395992e-02 -1.22422285e-01 -1.04415425e-01 -2.54074021e-02
   1.86391252e-01  1.23825227e-01  5.19959520e-02  4.99552325e-03
  -1.18967564e-01 -9.50846061e-02  3.69749181e-01 -6.41898964e-02
  -2.00579523e-02  6.33067260e-03 -1.83110120e-01 -7.92801891e-02
   5.50102571e-02 -5.00834904e-02  1.19983503e-01]
 [-2.65179014e-02 -2.65873354e-01 -1.91845721e-01 -9.61648216e-02
   6.43014084e-01 -2.61064930e-01 -1.82339790e-02 -9.92169170e-02
  -1.40804068e-01 -2.74779065e-01  6.98144190e-01 -2.87321043e-02
  -1.54681701e-01  6.11499967e-02 -2.38715709e-01 -5.52221024e-02
   7.25331054e-02 -1.19756800e-01  1.61252920e-01]
 [ 4.89854145e-02  1.78649888e-01  1.07123138e-01  1.25408733e-01
  -3.49605970e-01  9.17438465e-02  7.70076234e-02 -6.07861718e-02
   4.32230937e-01  2.18754905e-01  9.08671425e-02  1.14223443e-01
  -8.90626984e-03  3.21377739e-02 -1.75484177e-01 -5.49050552e-02
   1.14830314e-02 -3.06058882e-02  8.16176588e-03]
 [-1.15862925e-02  1.91089158e-01 -1.42153670e-01  2.14904283e-01
  -1.01014591e-01 -1.81184205e-01  1.04570034e-01  2.07759310e-01
   2.61079882e-01  2.77044135e-01 -2.22457042e-01  3.31322529e-02
  -1.96239763e-02 -6.72568794e-02  3.41017422e-02  1.30901736e-02
   1.12593289e-01 -6.17387911e-02  1.70100902e-02]
 [-2.28937807e-01  1.87399507e-01  2.24910962e-02 -6.42640981e-02
  -3.27148380e-01  1.77229962e-01 -5.07208539e-02 -9.97268352e-02
   8.29247388e-02  2.38611220e-01 -4.70778765e-01 -1.08740140e-02
   5.17513892e-03 -8.25354588e-02  6.74715183e-02 -7.63934830e-02
  -1.69706944e-02  9.65065282e-03 -1.37283447e-01]
 [ 6.50377914e-02  1.40853666e-01  1.24394008e-01  1.42937800e-01
  -3.49965837e-01 -9.67484070e-02 -2.65484153e-02  3.22067973e-03
   8.33924258e-02  2.21457459e-01  3.90510692e-01  6.53814198e-02
  -1.07635740e-02 -5.94624334e-02  2.01065398e-01  5.53694035e-02
   5.83936899e-02  3.58201594e-02 -7.82198513e-02]
 [-6.31613566e-02 -3.77699477e-01 -5.34130071e-03 -1.12058390e-02
   3.58670497e-02  1.03550786e-01  5.16870947e-02 -2.51734821e-02
  -1.25459133e-01 -1.45481012e-01 -3.17751845e-01 -3.14265287e-02
  -3.56965151e-02  1.12873673e-01  2.97923325e-01  3.50774971e-01
   4.44027590e-02 -4.09392745e-02  3.34654970e-01]
 [-6.20358830e-02  2.62434240e-01  9.13505102e-02  1.75752790e-01
  -6.80824104e-02  1.75916059e-01  5.76162691e-03 -3.13916804e-02
  -8.79533724e-03  2.76173293e-01 -2.49123953e-01 -1.95910531e-02
   8.03272532e-02  5.05364281e-02  9.60477779e-02 -6.49709976e-02
  -1.10668059e-01  5.72383592e-04 -1.74424851e-01]
 [-1.13788522e-02 -7.82702564e-02 -5.29018794e-03  1.42588513e-02
   1.34269795e-01 -9.34969583e-02  4.72452827e-02  4.48468987e-02
   4.37019427e-02 -4.95691934e-02 -1.06910626e-01  1.73928714e-02
  -5.80629714e-02 -1.03351729e-01 -1.02378046e-01 -6.13181128e-02
   8.94212283e-03 -5.29622414e-02  4.02108468e-02]
 [-4.57733371e-02  1.44100116e-01  1.03707120e-01  3.26685127e-01
   1.14509947e-01  9.75040844e-03  1.49579171e-03  1.16817943e-02
  -3.59974380e-01  1.45083109e-01 -6.42541464e-01  8.40775172e-02
   3.86669288e-02  3.13508177e-02  3.66044114e-01  3.01879278e-01
   5.70877968e-02  3.30207323e-02  1.50727977e-02]
 [ 2.51340291e-01  5.29379577e-01 -1.45542839e-03 -3.94253888e-01
   8.19650732e-02 -5.32928740e-02  8.26238659e-02  1.84535761e-01
   5.50480715e-01 -9.53504327e-02 -3.78675841e-01  5.71936021e-03
   3.68497571e-02 -1.27449877e-01 -7.04286194e-01 -3.49144696e-01
  -6.08036094e-02  1.14482797e-02  1.06094217e-01]
 [-2.35276555e-02 -4.99530741e-01 -1.17144125e-01 -2.27577760e-01
  -1.10978056e-01  1.27661308e-01 -1.39640413e-02  2.29898723e-02
   1.20167000e-01 -2.22560883e-01  1.16167255e-01  1.06329797e-02
  -1.44288865e-01 -2.87727489e-02  7.82086653e-02  2.92163272e-01
   1.87397804e-02 -1.11858809e-01  2.60982148e-01]
 [-1.24615266e-01 -1.54916736e-01  7.91219419e-02  9.17159688e-02
  -5.20217080e-02  5.46472556e-02 -7.61389892e-02  2.94289011e-02
   6.99199199e-02 -8.45311190e-02  5.06288878e-01  7.15840717e-02
  -1.10542734e-01  7.10255978e-03  3.18261610e-01  8.17425808e-02
   2.60697166e-02 -4.69979869e-02 -2.79930832e-02]
 [-3.71097175e-03 -6.17184154e-02 -4.51737926e-02  4.83484053e-04
   2.11263908e-01 -1.06999685e-01 -2.02839602e-02  1.56323424e-03
   5.57584182e-02 -1.93740899e-02 -8.93434187e-02 -1.49893378e-01
   1.75891301e-01 -4.79890931e-02 -6.08642730e-02 -4.59777941e-02
   7.54637772e-02  1.25279328e-02  6.72780914e-02]
 [-1.29123994e-02  4.81322769e-01  2.55674460e-01  5.42343608e-02
  -9.46101325e-01 -4.79359399e-02  2.12204436e-02 -1.88850714e-02
  -9.86780523e-02  4.07626549e-01 -1.19335426e+00 -2.43562433e-01
   6.97287492e-03  7.13315353e-03  6.84317645e-02 -1.28996498e-01
  -6.51041271e-02  5.75904491e-02 -3.91743692e-01]
 [ 7.23817310e-02  1.14371194e-01 -9.45175417e-02 -1.20568796e-01
   2.63075043e-01  2.72055991e-01 -1.13290025e-02 -1.90769577e-02
   1.48862205e-01 -8.22427814e-02 -3.63598995e-01  2.06305734e-01
  -2.00620044e-03  2.67619380e-02 -1.80240601e-01  5.61123190e-01
   4.25940746e-02 -4.65900955e-02  3.11013664e-02]
 [ 6.38147971e-02 -3.69327424e-02 -1.77722014e-01 -1.17562919e-02
   4.90695015e-02 -4.57458434e-01  7.63686429e-04  3.21446235e-02
   4.49940510e-02 -1.80884500e-01  1.90264746e-02  2.60132254e-02
   7.47339075e-02  5.91423552e-02 -5.30534012e-01 -7.44129978e-02
   7.88883117e-02 -7.68047920e-02  2.59513279e-01]
 [ 1.03540023e-01 -3.83073344e-01 -1.15810857e-01  2.58603847e-02
   1.74878402e-01  7.17004380e-02  2.96398412e-02  7.87910661e-02
  -7.31430727e-02 -1.04843404e-01  7.97964143e-01 -7.93970267e-02
  -4.08246582e-03 -1.13223079e-01  9.06898296e-01 -2.39503080e-01
  -2.11247707e-02 -7.52569248e-02 -6.19715718e-02]
 [ 1.01157100e-01 -4.44209839e-01 -1.59753251e-01 -1.50429448e-01
   2.47080277e-01 -3.14712520e-02 -4.63380062e-02 -6.26233039e-02
   1.09703802e-01 -1.03550714e-01  7.42972980e-01  2.74532802e-01
  -8.29021938e-02 -5.56721410e-05  1.25831184e-01 -4.60785481e-02
  -3.13685693e-02 -9.88521998e-02  6.72784008e-02]
 [ 9.41573715e-02 -9.66023955e-02 -1.12911402e-01  2.55306033e-01
  -6.25812604e-02 -1.39292711e-01 -6.30539347e-02  7.90342503e-02
  -3.51504019e-01 -4.77427069e-02  4.68605574e-01 -1.74986683e-01
   1.15569492e-01  2.14253634e-03  3.40151734e-01 -5.31318534e-01
   3.36083219e-02 -6.76497361e-02 -3.80095230e-01]
 [ 1.72319475e-01 -2.95290725e-02 -5.53707879e-03  1.01403307e-01
  -4.99908290e-02 -4.32485171e-02  3.97489907e-02  9.28874211e-03
   5.89851895e-03  9.26310687e-02  8.90015603e-03  1.14271163e-01
  -7.44201447e-02  7.78408670e-02  6.35412957e-02  1.95077146e-03
  -4.28855119e-02  5.93710399e-02 -4.80984419e-02]
 [ 5.24332737e-02 -9.28004612e-02  4.53837999e-02 -2.03397839e-02
   1.31242572e-01 -6.03791449e-02 -1.69191000e-02 -1.48844757e-03
   2.35526861e-02 -2.40169228e-02  3.61009689e-02 -2.55343800e-02
   8.17405581e-03  8.77532596e-02 -4.42280511e-02  9.89677180e-02
  -6.67355882e-02 -6.82096190e-02  8.64421967e-02]
 [-8.41244020e-02  9.30649098e-02 -6.92937042e-03  2.97542432e-02
  -7.57159273e-02  8.03617678e-02  7.83088098e-03 -1.30674374e-02
   4.33871867e-02  1.27997746e-01 -4.35584044e-02 -4.94125065e-02
  -1.59630251e-02 -3.11226141e-03 -8.49234420e-02 -3.47676620e-02
  -6.17657133e-02  3.95812048e-02 -5.42479243e-03]
 [ 5.04693795e-02  3.01322254e-01  1.73484785e-01  1.68902973e-01
  -2.10507168e-01  3.64407908e-02  3.15961663e-04 -4.79989976e-02
   3.82647697e-01  4.27427134e-01 -1.01130871e-01  1.44317735e-01
   4.08062044e-02  5.67268140e-02  1.30583495e-01  2.08615329e-01
  -4.86103118e-03  3.05587096e-02  2.31978637e-01]
 [-1.22373269e-01  3.85424310e-01 -1.56785719e-01  2.88507436e-02
  -9.21004519e-01  9.22849694e-01  1.79482604e-02 -2.58904315e-02
  -2.91534672e-01 -3.22651789e-01 -1.70407500e-01  1.83192709e-01
   1.48690478e-01 -6.90148801e-02  2.63244668e-01  2.88135846e-03
  -1.27570865e-02 -1.36921336e-01 -4.99729373e-01]
 [ 1.26499897e-01  1.10499826e-01 -7.28075608e-03 -6.07306679e-01
   1.37963222e+00  4.17004529e-02  4.34874210e-02 -1.31958194e-02
  -3.86008871e-01 -5.83496485e-01 -2.26955690e-01 -2.02576662e-01
   1.02606199e-01 -5.37101759e-03 -7.23915854e-01  9.22247927e-01
  -6.38348287e-02  4.25591059e-02  9.49885236e-01]
 [-1.54989655e-01 -5.30923897e-02 -8.08546796e-02  1.44935779e-01
  -5.11389582e-01  1.06336228e-01 -7.84067438e-03  4.63720418e-02
   2.82141947e-01  1.44324089e-01 -6.57992508e-02  1.80893586e-01
   6.13115172e-02 -1.29235603e-01  5.65411984e-01 -1.03496246e-01
  -4.59600887e-02 -2.15063821e-02 -6.63205688e-02]
 [-2.96319967e-01 -2.56171480e-01  1.09954889e-02 -1.92814700e-02
  -3.75592388e-01 -1.44314336e-01  3.30579747e-03  9.77469214e-02
   4.56068528e-01  1.16556215e-01 -5.54176813e-01 -1.53757163e-01
   5.21867971e-02 -5.18955670e-02  4.85119196e-01 -3.98622267e-01
   3.44247262e-02  1.80326519e-02 -3.13084292e-01]
 [ 3.65336550e-02 -5.61673779e-01 -9.07745231e-02 -4.42279707e-01
  -3.39150092e-01 -2.67117573e-01  2.85499996e-02  1.92172667e-02
   1.00562232e+00 -5.29320931e-01  8.12479969e-01  1.36552771e-01
  -7.28395950e-02 -7.97061938e-03 -1.32767473e-01 -1.30592376e-01
   8.72788813e-02  2.89541411e-02  4.45817433e-02]
 [-5.35336275e-02  4.50979789e-01  2.15868992e-01 -2.77109901e-01
   8.99346243e-01  4.47948283e-01  8.52826793e-02  5.82750431e-02
  -6.53006812e-01 -7.34301670e-02 -5.83659080e-01 -2.09646343e-01
  -2.09264133e-02  6.40219509e-03 -3.06947095e-01  7.05542946e-01
  -3.23607530e-02  1.37993983e-01  1.78591297e-01]
 [ 4.62167850e-02  8.78487040e-01  9.40042213e-02  5.41033609e-01
  -9.67773205e-01 -5.41773310e-02  1.63454074e-01 -2.23071685e-02
  -9.98644844e-02  7.06508381e-01 -1.02919063e+00 -6.95400692e-02
   1.42256665e-01  7.24191399e-02 -1.57981877e-01 -3.34091998e-01
   3.07110388e-02  3.52675450e-02 -7.72102917e-02]
 [-2.44393065e-01 -5.14662547e-01 -2.20066500e-01 -3.33810097e-01
   5.35869810e-01  7.93152206e-02 -7.16927529e-02 -7.46962406e-02
   6.80783775e-02 -5.65153227e-01  2.27359636e-01  9.44894155e-03
  -1.93237783e-01 -8.20545478e-02 -1.57056758e-01  3.15044766e-02
  -4.99153506e-02 -9.25656271e-02 -1.44212574e-01]
 [-4.27409129e-01  1.73479223e-01 -3.22914897e-01  6.29385284e-02
   2.28085007e-01 -1.88030687e-01 -1.05755616e-01 -1.44357615e-01
   1.68742761e-01  1.40361638e-02  1.41171823e-01  2.15441424e-01
   1.86906162e-01 -5.40275536e-02 -2.05116380e-01 -5.89257396e-01
   1.33342232e-01 -1.22654891e-01 -6.08005967e-01]
 [ 1.32743647e-01 -3.83446795e-01 -4.84370135e-01 -2.37302779e-01
  -1.17784908e-01  8.70952133e-01 -1.45695014e-01  1.22402386e-02
   3.96487032e-01  8.15494644e-02  2.69559572e-01 -4.03604654e-01
  -3.45127135e-02  8.36072434e-03 -4.82006983e-01  5.95484750e-02
  -7.95382706e-02 -1.77270061e-01  7.02164827e-02]
 [-1.21119746e-02  2.43802713e-02 -3.86918176e-01  4.16306141e-01
   7.30398315e-04 -8.57375076e-02 -9.17352838e-02 -1.20983412e-01
  -5.95715891e-01 -5.82403093e-02 -1.37630497e-01 -6.00691872e-01
  -4.46086233e-04 -6.81819755e-02  3.65555259e-01 -9.65394051e-02
  -1.43928358e-01 -1.94295581e-01  9.85221351e-02]
 [ 3.46641665e-01  1.39651098e-01  6.12688443e-01 -1.03209223e-01
  -1.02720579e-01 -2.18519770e-01 -1.22652650e-01 -1.71935973e-01
   2.46871868e-01  1.93980590e-02  5.06667901e-01  4.33740830e-01
  -6.16949874e-02 -8.01055711e-02 -5.15419470e-01  2.89819356e-01
  -1.87047423e-03  2.30585948e-01 -1.93307993e-02]
 [-2.30945180e-01  1.97769232e-01  2.56031078e-01  1.97158466e-02
   1.13406722e-01 -5.59568896e-01 -1.47487182e-01 -2.42878829e-01
  -4.23346528e-01  2.13606213e-02 -1.65250618e-01 -2.33021958e-03
  -2.27614217e-01 -6.53004197e-03  4.76021577e-01  1.69160844e-01
  -6.22190308e-02  1.16192699e-01  2.21493772e-01]]
bias1:  [-0.03145428  0.05309156 -0.06605635 -0.02406036  0.02171327 -0.03914905
 -0.05423649  0.01630175  0.02281009  0.040165    0.01729343  0.00388156
  0.01460792 -0.01863271 -0.05186063 -0.00748281 -0.03763116  0.04196305
  0.03332567]
weights2:  [[-0.58985272  0.12390691  0.32180478]
 [ 0.4210297  -0.01770051 -0.52337034]
 [ 0.68247853 -0.21103498 -0.46869156]
 [ 0.30942673 -0.68809777  0.09323238]
 [-0.7312761   0.58136511  0.09182129]
 [ 0.55062597  0.28937148 -0.66029371]
 [-0.17019397  0.03885499  0.3098355 ]
 [-0.36612909 -0.10135372  0.30955428]
 [ 0.22389001 -0.78118805  0.44655274]
 [ 0.51460096 -0.5659577  -0.04819609]
 [-0.74954487  0.28667702  0.63061475]
 [ 0.20655378 -0.65419913  0.40446053]
 [ 0.19748529  0.03342106 -0.22784177]
 [ 0.06651878 -0.1446559  -0.34312386]
 [-0.0469474  -0.88411888  0.93560915]
 [ 0.2219171   0.42803067 -0.65055392]
 [-0.05551369  0.15443231  0.21916796]
 [ 0.2107402  -0.06806741 -0.2661357 ]
 [-0.38328991  0.74415036 -0.18427481]]
bias2:  [0.07030326 0.14762718 0.0818474 ]